[introduction.jpg]
filters=finetune2=1,0.000000,0.000000,0.480000,00000000,0.076023;
moddate=4c6dec4cd0d7d801
width=2400
height=4043
textactive=0
